-1.74918007e-02
4.42935852e-03
2.10127663e-02
-1.95628647e-02
-3.01655615e-03
-4.08547977e-03
9.27898567e-03
2.08093133e-03
-7.69297918e-03
-1.59701649e-02
7.58515531e-03
1.81262754e-02
7.58824591e-03
-4.42651752e-03
1.64284557e-03
-3.62925860e-03
2.36642736e-04
-2.54605468e-02
-1.16573108e-04
-1.77729095e-03
-2.13048374e-03
4.61139745e-04
-4.71813278e-03
-6.74073352e-03
1.19996667e-02
2.26841718e-02
-1.63630713e-02
6.96669798e-03
1.91928633e-02
2.02089623e-02
-2.14307010e-02
4.98848036e-03
-3.11770122e-02
-2.85441726e-02
-2.29767356e-02
-2.63687484e-02
1.14148436e-03
2.81839948e-02
3.12450230e-02
-2.91173868e-02
2.91727427e-02
2.39055101e-02
-3.05893067e-02
-1.63144320e-02
2.33382899e-02
2.84138080e-02
3.06501184e-02
2.23748386e-02
6.90043392e-03
-8.89912900e-03
-1.32386591e-02
-9.02250875e-03
-8.23009107e-03
-2.41934601e-02
8.22112989e-03
-7.49322167e-03
1.68198142e-02
-4.54476615e-03
-3.37745133e-03
-1.89450698e-03
-7.51355058e-03
-2.17953883e-02
1.63294130e-03
1.72206890e-02
-1.89263597e-02
1.63207240e-02
1.42588727e-02
1.12329638e-02
1.90095678e-02
-1.53108388e-02
-1.64087862e-02
1.14358179e-02
-2.94762906e-02
-5.25962524e-02
-5.27419187e-02
-5.43422066e-02
3.82074304e-02
5.02612889e-02
2.17732303e-02
5.15154302e-02
1.55748809e-02
-7.64462724e-03
-1.12563185e-02
-1.42476810e-02
-1.31140947e-02
-1.17588285e-02
-1.94988549e-02
-1.33680617e-02
-2.28175260e-02
-1.63578112e-02
2.03194991e-02
-1.65128876e-02
-1.29088536e-02
-1.92023478e-02
-1.61375571e-02
1.99690126e-02
1.71222317e-03
1.66418944e-02
2.19336729e-02
1.48226460e-02
2.68604374e-03
3.05536762e-02
-1.06993876e-02
-1.16280634e-02
3.19259204e-02
1.94423050e-02
-3.46232811e-03
2.05875058e-02
-2.46715341e-02
1.86849833e-02
2.68144365e-02
-3.01937778e-02
1.70111898e-02
4.66787489e-03
2.17152424e-02
9.45977122e-03
2.09917203e-02
-5.90766128e-03
2.39824578e-02
1.41177960e-02
9.13877506e-03
-2.71855446e-04
1.02408733e-02
-1.27513008e-02
2.97012477e-04
6.77353842e-03
-9.96538252e-03
-5.50564891e-03
3.73234525e-02
-3.59162353e-02
2.03736424e-02
-3.60790864e-02
2.23569199e-02
-3.39787230e-02
3.59935910e-02
4.13144007e-02
-5.59455752e-02
3.14589590e-02
5.75863048e-02
4.56731096e-02
4.88506854e-02
-5.77121712e-02
-5.26262447e-02
6.03132322e-02
-1.68275032e-02
1.60050355e-02
1.69594027e-02
-9.00115352e-03
1.76086426e-02
1.49076413e-02
1.59214512e-02
1.76283121e-02
-2.34688371e-02
3.25662713e-03
1.51283657e-02
2.01912057e-02
2.15661135e-02
2.01292261e-02
2.35569235e-02
-2.45609377e-02
2.12071463e-02
2.68881265e-02
2.16574706e-02
2.57971678e-02
2.32272185e-02
-2.26938240e-02
-2.88569108e-02
2.80025378e-02
1.73666291e-02
3.02696917e-02
2.78970543e-02
-1.56236067e-03
-6.57581771e-03
-1.83983427e-02
3.22188064e-02
-3.01376209e-02
-8.19492247e-03
6.22280966e-03
-1.23149501e-02
8.24692287e-03
-6.99197967e-03
-6.10150117e-03
8.90937261e-03
-8.15030001e-03
6.86507579e-03
-1.19305577e-03
7.93844927e-03
-8.01595114e-03
-3.82043235e-03
2.13554152e-03
-7.15127913e-03
-8.08146037e-03
-2.82687433e-02
-7.84476195e-03
2.95438562e-02
-3.06805465e-02
9.90389753e-03
-4.04652348e-03
2.94150691e-02
1.22164926e-02
-1.13772145e-02
1.17797796e-02
-1.05235847e-02
1.20311361e-02
8.26631300e-03
-8.51832330e-03
-8.03778879e-03
-1.06870839e-02
-2.71445960e-02
-4.18332666e-02
-3.72979231e-02
-1.73467994e-02
-4.19403538e-02
1.99612491e-02
4.01914865e-02
-4.12679575e-02
2.25175545e-02
-2.46583242e-02
6.88078720e-03
2.42574569e-02
2.34375596e-02
9.94246453e-03
2.37951111e-02
-1.91464424e-02
6.97137937e-02
7.80098885e-02
6.23142123e-02
7.39182904e-02
-1.60317700e-02
2.91618556e-02
-7.71595612e-02
-7.36784860e-02
2.83680018e-02
1.71778556e-02
2.61076968e-02
2.42420379e-02
-1.67602543e-02
-2.04751082e-02
-1.98661722e-02
2.81856470e-02
1.05310464e-02
1.14802327e-02
-7.11688586e-03
8.93641543e-03
-2.88524870e-02
8.71880446e-03
-1.62523929e-02
1.02151418e-02
6.96016252e-02
-6.09570928e-02
6.65954947e-02
-6.24294840e-02
-6.84634000e-02
7.26437792e-02
-3.97948921e-02
-4.77144048e-02
