-1.52525567e-02
-2.03413162e-02
5.07188849e-02
-1.33379679e-02
-1.64202321e-02
-2.45522447e-02
-1.57958400e-02
-1.68210417e-02
-1.56554878e-02
-2.08299775e-02
-1.45376306e-02
-1.21619543e-02
-1.77782793e-02
-1.79241635e-02
-1.63648818e-02
-1.68968234e-02
-1.85188036e-02
-1.12830577e-02
-1.58605073e-02
-1.50156673e-02
-1.75283849e-02
-1.46878175e-02
-1.29988845e-02
-1.87435709e-02
-1.24517716e-02
-1.65664572e-02
-1.94710884e-02
-1.69516150e-02
-1.30060622e-02
-1.59409121e-02
-1.42555451e-02
-1.95303652e-02
-2.32776534e-02
2.76489463e-03
-1.49385175e-02
-1.73754822e-02
-2.56865397e-02
-2.15590522e-02
-1.52634550e-02
-1.32929580e-02
-1.46093462e-02
-2.17272677e-02
-1.43353222e-02
-1.67243443e-02
-1.45532992e-02
-1.41631858e-02
-1.55762369e-02
-1.37683423e-02
-1.33717535e-02
-1.80006195e-02
-1.28077026e-02
-1.19297523e-02
-2.16260049e-02
-1.97837595e-02
-1.51774073e-02
-2.68657357e-02
-1.63463224e-02
-1.71248950e-02
-2.58760471e-02
1.70985628e-02
-1.78606138e-02
-1.50098996e-02
-1.72511470e-02
-1.60750151e-02
-1.34213278e-02
-1.44601343e-02
-1.40971057e-02
6.93400353e-02
-1.54315922e-02
-1.98685452e-02
-1.53027466e-02
-1.69363059e-02
-1.78667326e-02
-1.67468917e-02
-2.01055426e-02
-1.74434725e-02
-1.49075659e-02
-1.75218284e-02
-1.69745050e-02
-1.66989975e-02
-1.75108332e-02
-1.81747023e-02
-1.43287331e-02
-1.87565982e-02
-1.99546814e-02
-1.64642073e-02
-1.74365044e-02
-1.60944872e-02
-1.54120531e-02
-1.60521027e-02
-2.77047083e-02
-1.53115038e-02
-1.69143341e-02
-2.13041343e-02
-1.65078100e-02
-1.45736523e-02
-1.62100755e-02
-2.15603262e-02
-1.53967226e-02
-1.16707860e-02
-1.05797518e-02
-1.73467733e-02
-1.57485027e-02
-2.09407695e-02
-1.68950837e-02
-1.04401000e-02
-1.40645662e-02
-1.44228749e-02
-1.36617897e-02
-1.36141740e-02
-1.87736135e-02
-1.91280227e-02
-1.28322421e-02
-1.96322072e-02
-2.21010912e-02
-1.48473857e-02
-2.04442926e-02
-1.41285490e-02
-2.55534314e-02
-1.25630768e-02
-2.21730582e-02
-1.76883098e-02
-1.28624225e-02
-1.67853106e-02
-1.76564604e-02
-2.06685849e-02
-1.64896101e-02
-2.23676376e-02
-1.86431482e-02
-1.60787348e-02
-2.90049327e-04
-2.61840411e-02
2.94052367e-03
-1.64456442e-02
1.59344524e-02
-1.59307867e-02
-1.02090659e-02
-1.45992367e-02
-1.93813425e-02
-1.36600453e-02
-1.52503699e-02
-1.54368747e-02
-1.58446729e-02
-1.19509166e-02
-1.69163886e-02
-1.97333507e-02
-1.43723665e-02
-1.62521824e-02
-2.03794800e-02
-1.73196048e-02
-1.61246285e-02
-1.17063457e-02
-1.43299643e-02
-1.56981945e-02
-2.12772917e-02
-2.31551062e-02
-1.25634326e-02
-2.24722549e-02
-2.61334963e-02
-1.48487156e-02
-1.24915335e-02
-1.60246156e-02
-1.85382813e-02
-1.67075582e-02
-1.26943076e-02
-2.75839102e-02
-7.21674226e-03
-1.66218858e-02
-1.38223190e-02
-1.57727879e-02
-1.88726801e-02
-1.67515520e-02
-2.30584294e-02
-2.24316660e-02
-2.22000387e-02
-1.66170485e-02
-1.71092898e-02
-1.80641189e-02
-1.93098634e-02
-1.67897474e-02
-1.49132190e-02
-1.91540960e-02
-1.92196891e-02
-1.60525516e-02
-1.71133336e-02
-1.86589770e-02
-1.63021982e-02
-1.82419065e-02
-2.55849492e-02
-1.62861925e-02
-1.34337237e-02
2.67696381e-02
-1.40876453e-02
-1.63269378e-02
-1.40220728e-02
-1.50828687e-02
-1.68447010e-02
-1.43643403e-02
-1.39495777e-02
-1.89583600e-02
-1.66830290e-02
-1.37385819e-02
-1.59648824e-02
-1.55781088e-02
-1.65630579e-02
-1.65704712e-02
-1.56735275e-02
-1.74911190e-02
-6.33988297e-03
-1.54959895e-02
-1.55923879e-02
-1.89077631e-02
-2.53216308e-02
-2.13120803e-02
-1.68690495e-02
-1.67784300e-02
-1.71324667e-02
-2.01973915e-02
-2.06020419e-02
-1.33782700e-02
-1.49920927e-02
-1.63874812e-02
-1.38753569e-02
-2.46000029e-02
-2.26999819e-02
-1.46004232e-02
-1.98731311e-02
-1.62124187e-02
-1.79340784e-02
-2.04282980e-02
-1.64936781e-02
-1.74084269e-02
-1.85599942e-02
-2.00069416e-02
-1.94702074e-02
-1.25586707e-02
-1.49962567e-02
-1.70553047e-02
-1.38525274e-02
-1.18578700e-02
-1.45364152e-02
-4.65446748e-02
-1.60305593e-02
-2.16361582e-02
-1.64935235e-02
-4.88686236e-03
-1.73040405e-02
-2.12995112e-02
-1.78867206e-02
-1.73457619e-02
-1.50046395e-02
-1.76997613e-02
-1.58418119e-02
-2.13269312e-02
-1.87069196e-02
-1.56973880e-02
